10980
20250
23612
20236
7310
18248
8326
32111
22850
17253
10930
9956
16925
16442
16217
31483
24853
15888
30788
16739
144
22046
19295
6967
8388
15033
1404
3342
26317
3642
13518
7617
24975
15534
16160
5626
16465
17473
8152
11393
22294
6247
2479
11078
3259
3024
26670
22830
3794
27913
31975
13470
26432
16882
5241
19144
20377
19939
3905
14264
24118
20125
14816
6941
26908
7154
12657
3544
14988
5684
20359
25670
29545
3935
23017
18766
14158
6918
29197
32297
32363
28926
85
19188
10532
20172
5899
27639
12648
975
2334
1971
5585
5164
12442
31150
23168
7806
8425
32253
15286
28731
16587
2454
28211
29924
2070
23379
2383
27636
23855
4549
30425
4486
20036
20926
1203
9668
8783
18845
29738
32532
32202
7511
8982
4865
5938
1866
10934
8681
14142
14786
4168
29036
220
19783
25451
16783
15600
18348
26165
26804
9676
2009
6932
16954
28269
8787
21605
23540
379
31376
8662
3659
13311
9469
14204
27441
26594
24011
10931
12236
23081
8317
8377
9439
6386
11315
19209
6648
23853
179
19833
26460
17435
8252
27155
8882
9353
8715
3763
29298
31688
25002
8293
11275
11891
22267
8315
10455
6368
25352
1905
32191
11106
7560
29058
430
3653
28464
30982
20151
2439
1216
23186
10757
11350
26312
16078
32390
28750
16958
17940
22102
21615
11713
12750
32493
11232
30635
18316
17417
7269
18649
18920
27994
2209
10298
8986
27375
25101
11032
7514
23651
7860
24105
17657
24262
20148
13141
20541
19789
3445
69
10497
24762
19110
22960
29705
22921
9980
22372
12838
8416
24746
3350
22287
3124
2974
17387
29177
12219
4482
16578
17403
27541
13677
9032
24613
8121
5997
10681
12634
12960
29622
25974
497
22196
6566
11340
24847
14967
22144
21118
450
3955
20453
31128
28638
5094
2577
32755
13976
2857
5595
23815
21732
20708
8811
30323
7054
29427
28344
14798
20762
32279
22217
1835
14173
26973
30887
14446
20184
19534
11556
20818
29655
19420
20559
9269
12622
27143
5554
30634
25966
9298
25682
30909
5130
3305
30308
1540
685
19087
14543
8042
31351
11081
9830
1723
19388
13772
6881
23791
28506
26023
22944
18486
25054
32305
17440
28359
5206
8240
31801
21097
3828
3662
28189
22718
8551
19516
32273
3154
15609
1187
21992
25191
21609
25039
3652
4478
23942
17690
12172
17573
20624
2330
18092
14212
16718
14986
2448
1829
28142
29689
18270
17287
24481
18485
8310
3553
30963
26485
16938
20406
3563
27464
8765
22173
25062
30017
30237
24781
10036
3167
25056
26218
23663
25919
6912
11155
9119
256
31447
26408
28432
20218
15577
2652
8174
15646
25747
29950
29349
25387
1895
8838
21754
13462
30212
7138
489
25910
424
14846
32573
27827
22805
1302
22770
21677
14676
15547
13898
15787
28205
21670
9393
18122
24161
29248
13394
17442
8109
14061
17013
28663
20096
25372
3487
676
9591
7695
28520
23879
4252
28267
22554
13101
14435
12159
26638
24060
16480
3924
17095
18595
13769
24953
30667
7426
27056
21131
7493
8280
13053
18566
30812
27248
21549
31695
20305
25483
204
5373
16731
13580
16051
23403
16450
6374
7938
16510
1981
13254
2780
21431
11916
26111
8165
27512
11605
16185
22652
3734
30528
218
31673
27298
81
23344
4389
25335
19848
20835
21564
1155
27322
28701
25507
27222
25134
17142
10281
24300
4599
13473
12160
17978
31508
17880
30392
7291
26184
18185
24703
5559
31418
189
21274
10776
8781
30413
14882
6892
22461
12867
26623
15481
14974
15889
4902
4228
1109
17012
27410
32160
15539
27430
259
12087
17876
1094
121
27226
8092
31240
29551
25416
31788
10012
3672
24512
583
7647
16347
12807
22888
22596
77
22711
23455
31361
7410
20302
2351
5241
31476
23410
6633
3564
3615
25349
18502
10593
32610
5869
12871
18895
16134
32416
27661
26381
32427
12402
8248
23808
20231
17054
23039
382
23902
16662
21780
11524
3265
13323
28469
8733
26374
826
6034
32652
8587
16893
22498
10560
12713
12301
21315
21493
11514
31512
22230
8106
29003
3334
22551
27846
20576
29451
31997
22536
15210
10605
2517
2355
10825
22546
20702
16503
14978
19409
32677
20126
16894
14453
26143
25595
20872
3984
5000
25107
25348
30726
25854
7176
12144
12885
25052
12745
26780
30117
471
29180
21161
4499
14555
28326
31043
24765
25763
12448
31902
22541
30747
13754
12849
16071
117
9644
5429
23376
24589
27073
17116
8388
23293
4930
32338
10550
20864
15523
30837
2244
17416
20847
22355
17762
32029
26869
14695
32612
31995
8112
12435
5832
747
7031
28893
22857
20573
9833
12010
1317
458
3222
27194
11433
6476
10350
7977
18049
5882
18922
7329
30401
15109
25724
31136
23730
19860
12215
26221
29021
2143
9918
21913
17113
32269
4718
14520
6229
6990
2635
19677
19173
7608
6187
13015
24333
7267
27300
20268
11022
32323
16951
11737
5618
31304
1337
26055
15193
32055
9861
14349
2
4422
19171
26345
25369
9082
22839
123
6210
17089
24938
6471
13929
13519
1560
12904
1864
31929
21758
18325
17333
12114
14881
16597
18609
12617
31167
17410
4401
15103
23799
8703
170
15913
32055
23481
19038
2346
23145
31455
361
17453
10205
14944
7562
9221
31733
15016
178
28358
20114
15771
18766
11808
29249
9806
32085
11134
29734
14472
23057
4579
3748
21499
21677
20863
6866
10050
6018
8468
11421
5786
2080
14603
17853
21088
8735
9301
19289
22862
12964
17155
10873
25205
16562
23204
22319
27386
11830
20578
4741
25488
24016
26843
8997
14777
26979
10688
27851
14524
13659
14640
4715
32357
27841
22226
3873
32639
12800
19124
29149
22546
4213
26087
10186
25437
31416
28886
387
22418
25004
9066
24309
24916
12361
736
11794
31473
14372
16741
10299
31583
23235
31607
31338
6392
31651
28410
17443
23541
1797
2076
6424
15532
6525
24554
29087
27017
5176
2223
13780
28878
10768
17425
20365
18954
12625
32489
28418
31578
17993
12005
28217
22115
2705
28128
32563
2315
3358
28412
4313
32250
9991
10629
5795
18643
22804
21893
7950
6706
30218
5671
25787
30566
9657
28108
18023
12779
3266
22511
20878
23214
9512
9401
19423
11519
5022
29283
26462
11605
1418
24656
3419
30662
25564
22502
27670
31297
26258
1840
13103
5777
21767
26933
10960
26641
32511
30741
4505
10544
14962
25833
27982
29860
29211
29016
14914
24173
4288
18169
9603
8336
21824
26732
15811
22416
23390
6199
18185
2733
25936
20834
7451
31708
12805
11729
20650
31625
27706
22116
27451
15375
32315
22736
1498
24819
22138
32571
7805
17892
26833
1434
22585
14707
30871
18635
4647
10130
30564
19313
275
28622
1188
11411
14314
25420
23006
27635
19170
9861
12226
6192
31079
29377
26612
17051
2761
29524
1947
21721
18854
15003
20136
9277
18969
2742
30694
24290
26271
28163
28102
11915
8141
23389
32744
11580
19124
25113
25961
1941
14864
6589
6127
26865
20019
20862
21366
3394
6068
15232
18135
5290
30934
4044
16669
29914
29114
25360
26504
9259
837
11546
16477
23166
21711
15123
7795
980
2192
2427
14718
16556
27339
16872
32538
4128
26552
22654
26775
32702
29746
1325
24967
32039
21797
5294
2824
9578
29109
19771
26578
11806
7215
25361
15615
17473
32176
14502
13214
31956
4247
26282
1782
13106
21932
18368
19354
28980
12301
1017
6961
15623
5084
22548
12546
26824
29610
5240
17218
16356
6306
4077
9501
11826
20854
2590
32134
15565
9225
14799
7871
179
28129
734
19111
22303
8011
4091
28615
2982
32075
19495
11035
17427
5706
30702
6816
19971
21886
22115
19617
10817
24857
11744
22466
29151
12081
6266
26569
28953
32114
24646
19248
5097
6022
25423
19819
106
6207
15186
27129
31469
4490
9536
9261
28637
18196
25713
4025
16211
26553
7592
22015
9848
29105
26058
17432
25246
11641
94
11680
27165
27523
2500
12360
22255
28829
2357
9241
24331
15649
9854
17544
30338
6882
32635
24127
30554
7633
22870
3494
27437
883
10621
23091
21121
7427
12900
14967
1510
12390
12288
19683
3282
31699
20479
20831
1597
18494
29127
12169
32507
13961
27189
5581
20956
13162
18194
32041
28036
15898
20053
7613
7179
28099
13595
8213
10325
24999
19047
5943
32048
2064
4505
3947
6704
26619
2224
15821
31305
22915
5695
7315
18481
22799
23344
31
31859
24891
25660
28868
16723
30599
30502
21848
14437
22466
30650
14974
32236
27188
8329
17072
1523
28814
2913
2831
12077
5522
17806
4330
10126
19330
27604
25616
32421
9546
2599
12758
448
5740
15152
29927
15806
17839
17281
21966
17074
24199
9362
2116
1341
3395
25475
12603
31144
4601
32656
8615
17604
5681
21587
29199
7809
12628
25533
19158
16976
18387
17363
25930
2362
12567
11304
4458
2493
20523
24349
19575
22890
2859
27355
13377
19520
19820
32269
25390
19910
104
19550
267
12266
10096
16054
5267
2972
2576
27444
25023
3882
6465
4330
24787
22106
31569
4954
6693
10313
27283
12724
29356
14086
21190
30157
13644
15598
22854
5855
25827
5061
15349
19459
8979
8601
13031
19055
14285
14167
16592
27503
1442
15658
7725
13860
30410
18583
11061
18688
12016
30809
5246
24317
3523
12798
5744
27808
20029
7486
2922
4273
20145
31006
12470
21687
19863
9929
20013
31029
10008
1577
11433
18855
24408
72
1839
13371
1413
23402
25305
8528
15268
13542
31109
18096
28438
15560
9024
29324
3565
3880
27248
2619
17649
